230413 0004    21.094600  R   0
230413 0006    21.094600  R   0
230413 0008    21.094600  R   0
230413 0010    21.094600  R   0
230413 0012    21.094600  R   0
230413 0014    21.094600  R   0
230413 0016    21.094600  R   0
230413 0018    21.094600  R   0
230413 0020    21.094600  R   0
230413 0022    21.094600  R   0
230413 0036    21.094600  R   0
230413 0038    21.094600  T
230413 0040    21.094600  R   0
230413 0042    21.094600  R   0
230413 0044    21.094600  R   0
230413 0046    21.094600  R   0
230413 0048    21.094600  R   0
230413 0050    21.094600  R   0
230413 0052    21.094600  R   0
230413 1622    14.095600  R   0
230413 1624    14.095600  T
230413 1626    14.095600  R   0
230413 1628    14.095600  R   3
230413 1630    14.095600  T
230413 1632    14.095600  R   0
230413 1634    14.095600  R   2
230413 1636    14.095600  R   2
230413 1638    14.095600  R   0
230413 1640    14.095600  T
230413 1644    21.094600  R   0
230413 1646    21.094600  T
230413 1648    21.094600  R   0
230413 1650    21.094600  R   1
230413 1652    14.095600  R   0
230413 1654    14.095600  T
230413 1656    14.095600  R   0
230413 1658    14.095600  R   1
230413 1700    14.095600  R   2
230413 1702    14.095600  R   0
230413 1704    14.095600  R   0
230413 1706    14.095600  R   0
230413 1708    14.095600  R   0
230413 1710    14.095600  R   0
230413 1712    14.095600  R   0
230413 1714    14.095600  R   0
230413 1716    14.095600  R   1
230413 1722    14.095600  T
230413 1740    14.095600  R   0
230413 1742    14.095600  T
230413 1744    14.095600  R   0
230413 1746    14.095600  R   0
230413 1748    14.095600  R   0
230413 1750    14.095600  R   0
230413 1752    14.095600  R   0
230413 1754    14.095600  R   0
230413 1756    14.095600  R   0
230413 1758    14.095600  T
230413 1800    14.095600  R   0
230413 1802    14.095600  R   0
230413 1804    14.095600  R   1
230413 1806    14.095600  R   0
230413 1808    14.095600  R   1
230413 1810    14.095600  R   3
230413 1812    14.095600  R   0
230413 1814    14.095600  R   0
230413 1816    14.095600  R   0
230413 1818    14.095600  R   0
230413 1820    14.095600  R   2
230413 1822    14.095600  R   1
230413 1824    14.095600  R   0
230413 1826    14.095600  R   0
230413 1828    14.095600  R   0
230413 1830    14.095600  R   0
230413 1832    14.095600  R   1
230413 1834    14.095600  R   0
230413 1836    14.095600  R   0
230413 1838    14.095600  T
230413 1840    14.095600  R   1
230413 1842    14.095600  R   1
230413 1844    14.095600  R   0
230413 1846    14.095600  R   0
230413 1848    14.095600  R   0
230413 1850    14.095600  R   1
230413 1852    14.095600  R   0
230413 1854    14.095600  R   1
230413 1856    14.095600  R   0
230413 1858    14.095600  R   0
230413 1900    14.095600  R   2
230413 1902    14.095600  R   1
230413 1904    14.095600  R   0
230413 1906    14.095600  R   0
230413 1908    14.095600  R   1
230413 1910    14.095600  R   0
230413 1912    14.095600  R   1
230413 1914    14.095600  R   0
230413 1916    14.095600  T
230413 1918    14.095600  R   0
230413 1920    14.095600  R   0
230413 1922    14.095600  R   0
230413 1924    14.095600  R   0
230413 1926    14.095600  R   0
230413 1928    14.095600  R   0
230413 1930    14.095600  R   0
230413 1932    14.095600  R   0
230413 1934    14.095600  R   0
230413 1936    14.095600  R   0
230413 1938    14.095600  R   0
230413 1940    14.095600  R   1
230413 1942    14.095600  R   0
230413 1944    14.095600  R   2
230413 1946    14.095600  R   0
230413 1948    14.095600  R   0
230413 1950    14.095600  R   0
230413 1952    14.095600  R   0
230413 1954    14.095600  R   0
230413 1956    14.095600  R   1
230413 1958    14.095600  T
230413 2000    14.095600  R   0
230413 2002    14.095600  R   0
230413 2004    14.095600  R   0
230413 2006    14.095600  R   0
230413 2008    14.095600  R   0
230413 2010    14.095600  R   0
230413 2012    14.095600  R   0
230413 2014    14.095600  R   0
230413 2016    14.095600  R   0
230413 2018    14.095600  R   0
230413 2020    14.095600  R   1
230413 2022    14.095600  R   0
230413 2024    14.095600  R   0
230413 2026    14.095600  R   0
230413 2034    14.095600  R   1
230413 2036    14.095600  T
230413 2038    14.095600  T
230413 2040    14.095600  R   5
230413 2042    14.095600  R   0
230413 2044    14.095600  R   1
230413 2046    14.095600  R   3
230413 2048    14.095600  R   2
230413 2050    14.095600  R   2
230413 2052    14.095600  R   0
230413 2054    14.095600  R   0
230413 2056    14.095600  R   3
230413 2058    14.095600  R   3
230413 2100    14.095600  R   3
230413 2102    14.095600  R   1
230413 2104    14.095600  R   2
230413 2106    14.095600  R   2
230413 2108    14.095600  R   1
230413 2110    14.095600  R   1
230413 2112    14.095600  R   3
230413 2114    14.095600  R   0
230413 2116    14.095600  T
230413 2118    14.095600  R   2
230413 2120    14.095600  R   2
230413 2122    14.095600  R   2
230413 2124    14.095600  R   3
230413 2126    14.095600  R   0
230413 2128    14.095600  R   5
230413 2130    14.095600  R   3
230413 2132    14.095600  R   1
230413 2134    14.095600  R   0
230413 2136    14.095600  R   1
230413 2138    14.095600  R   2
230413 2140    14.095600  R   2
230413 2142    14.095600  R   0
230413 2144    14.095600  R   1
230413 2146    14.095600  R   3
230413 2148    14.095600  R   1
230413 2150    14.095600  R   3
230413 2152    14.095600  R   0
230413 2154    14.095600  R   0
230413 2156    14.095600  T
230413 2158    14.095600  R   1
230413 2200    14.095600  R   1
230413 2202    14.095600  R   3
230413 2204    14.095600  R   1
230413 2206    14.095600  R   1
230413 2208    14.095600  R   3
230413 2210    14.095600  R   5
230413 2212    14.095600  R   1
230413 2214    14.095600  R   1
230413 2216    14.095600  R   1
230413 2218    14.095600  R   4
230413 2220    14.095600  R   2
230413 2222    14.095600  R   1
230413 2224    14.095600  R   1
230413 2226    14.095600  R   0
230413 2228    14.095600  R   3
230413 2230    14.095600  R   3
230413 2232    14.095600  R   0
230413 2234    14.095600  R   2
230413 2236    14.095600  R   1
230413 2238    14.095600  R   2
230413 2240    14.095600  T
230413 2242    14.095600  R   3
230413 2244    14.095600  R   1
230413 2246    14.095600  R   0
230413 2248    14.095600  R   5
230413 2250    14.095600  R   3
230413 2252    14.095600  R   3
230413 2254    14.095600  R   2
230413 2256    14.095600  R   1
230413 2258    14.095600  R   3
230413 2300    14.095600  R   2
230413 2302    14.095600  R   2
230413 2304    14.095600  R   2
230413 2306    14.095600  R   2
230413 2308    14.095600  R   0
230413 2310    14.095600  R   3
230413 2312    14.095600  R   3
230413 2314    14.095600  R   1
230413 2316    14.095600  R   0
230413 2318    14.095600  T
230413 2320    14.095600  R   2
230413 2322    14.095600  R   2
230413 2324    14.095600  R   3
230413 2326    14.095600  R   3
230413 2328    14.095600  R   2
230413 2330    14.095600  R   2
230413 2332    14.095600  R   2
230413 2334    14.095600  R   1
230413 2336    14.095600  R   1
230413 2338    14.095600  R   0
230413 2340    14.095600  R   8
230413 2342    14.095600  R   1
230413 2344    14.095600  R   3
230413 2346    14.095600  R   1
230413 2348    14.095600  R   2
230413 2350    14.095600  R   5
230413 2352    14.095600  R   3
230413 2354    14.095600  R   4
230413 2356    14.095600  R   1
230413 2358    14.095600  R   1
230414 0000    14.095600  R   2
230414 0002    14.095600  R   1
230414 0004    14.095600  R   2
230414 0006    14.095600  R   3
230414 0008    14.095600  R   3
230414 0010    14.095600  R   6
230414 0012    14.095600  R   1
230414 0014    14.095600  R   1
230414 0016    14.095600  R   3
230414 0018    14.095600  R   0
230414 0020    14.095600  R   4
230414 0022    14.095600  R   0
230414 0024    14.095600  R   2
230414 0026    14.095600  R   2
230414 0028    14.095600  R   3
230414 0030    14.095600  R   7
230414 0032    14.095600  R   1
230414 0034    14.095600  R   2
230414 0036    14.095600  R   4
230414 0038    14.095600  T
230414 0040    14.095600  R   5
230414 0042    14.095600  R   3
230414 0044    14.095600  R   4
230414 0046    14.095600  R   3
230414 0048    14.095600  R   2
230414 0050    14.095600  R   6
230414 0052    14.095600  R   1
230414 0054    14.095600  R   2
230414 0056    14.095600  R   3
230414 0058    14.095600  R   2
230414 0100    14.095600  R   6
230414 0102    14.095600  R   0
230414 0104    14.095600  R   2
230414 0106    14.095600  R   2
230414 0108    14.095600  R   2
230414 0110    14.095600  R   5
230414 0112    14.095600  R   0
230414 0114    14.095600  R   2
230414 0116    14.095600  T
230414 0118    14.095600  R   1
230414 0120    14.095600  R   3
230414 0122    14.095600  R   1
230414 0124    14.095600  R   2
230414 0126    14.095600  R   3
230414 0128    14.095600  R   1
230414 0130    14.095600  R   2
230414 0132    14.095600  R   7
230414 0134    14.095600  R   2
230414 0136    14.095600  R   2
230414 0138    14.095600  R   2
230414 0140    14.095600  R   5
230414 0142    14.095600  R   3
230414 0144    14.095600  R   1
230414 0146    14.095600  R   2
230414 0148    14.095600  R   2
230414 0150    14.095600  R   2
230414 0152    14.095600  R   3
230414 0154    14.095600  R   3
230414 0156    14.095600  R   3
230414 0158    14.095600  T
230414 0200    14.095600  R   2
230414 0202    14.095600  R   0
230414 0204    14.095600  R   1
230414 0206    14.095600  R   4
230414 0208    14.095600  R   2
230414 0210    14.095600  R  10
230414 0212    14.095600  R   0
230414 0214    14.095600  R   4
230414 0216    14.095600  R   2
230414 0218    14.095600  R   2
230414 0220    14.095600  R   7
230414 0222    14.095600  R   3
230414 0224    14.095600  R   4
230414 0226    14.095600  R   2
230414 0228    14.095600  R   2
230414 0230    14.095600  R   6
230414 0232    14.095600  R   1
230414 0234    14.095600  R   0
230414 0236    14.095600  R   4
230414 0238    14.095600  R   3
230414 0240    14.095600  T
230414 0242    14.095600  R   0
230414 0244    14.095600  R   1
230414 0246    14.095600  R   3
230414 0248    14.095600  R   2
230414 0250    14.095600  R   6
230414 0252    14.095600  R   2
230414 0254    14.095600  R   1
230414 0256    14.095600  R   3
230414 0258    14.095600  R   2
230414 0300    14.095600  R   3
230414 0302    14.095600  R   1
230414 0304    14.095600  R   3
230414 0306    14.095600  R   2
230414 0308    14.095600  R   0
230414 0310    14.095600  R   4
230414 0312    14.095600  R   2
230414 0314    14.095600  R   4
230414 0316    14.095600  R   3
230414 0318    14.095600  R   4
230414 0320    14.095600  T
230414 0322    14.095600  R   2
230414 0324    14.095600  R   3
230414 0326    14.095600  R   2
230414 0328    14.095600  R   1
230414 0330    14.095600  R   6
230414 0332    14.095600  R   6
230414 0334    14.095600  R   1
230414 0336    14.095600  R   4
230414 0338    14.095600  R   1
230414 0340    14.095600  R   2
230414 0342    14.095600  R   6
230414 0344    14.095600  R   2
230414 0346    14.095600  R   3
230414 0348    14.095600  R   2
230414 0350    14.095600  R   3
230414 0352    14.095600  R   4
230414 0354    14.095600  R   1
230414 0356    14.095600  R   3
230414 0358    14.095600  R   5
230414 0400    14.095600  R   2
230414 0402    14.095600  R   3
230414 0404    14.095600  R   4
230414 0406    14.095600  R   4
230414 0408    14.095600  R   1
230414 0410    14.095600  R   4
230414 0412    14.095600  R   0
230414 0414    14.095600  R   1
230414 0416    14.095600  R   1
230414 0418    14.095600  R   2
230414 0420    14.095600  R   1
230414 0422    14.095600  R   3
230414 0424    14.095600  R   4
230414 0426    14.095600  R   3
230414 0428    14.095600  R   2
230414 0430    14.095600  R   2
230414 0432    14.095600  R   1
230414 0434    14.095600  R   1
230414 0436    14.095600  R   2
230414 0438    14.095600  T
230414 1812    14.095600  R  13
230414 1814    14.095600  T
230414 1816    14.095600  R  11
230414 1818    14.095600  R   4
230414 1822    14.095600  T
230414 1824    14.095600  R  10
230414 1826    14.095600  R   5
230414 1828    14.095600  R   8
230414 1830    14.095600  R  11
230414 1832    14.095600  R   9
230414 1834    14.095600  R   7
230414 1836    14.095600  R   9
230414 1838    14.095600  T
230414 1840    14.095600  R  11
230414 1842    14.095600  R   9
230414 1844    14.095600  R   7
230414 1846    14.095600  R   5
230414 1848    14.095600  R   6
230414 1850    14.095600  R   9
230414 1852    14.095600  R   6
230414 1854    14.095600  R   8
230414 1856    14.095600  R   7
230414 1858    14.095600  R   7
230414 1900    14.095600  R  12
230414 1902    14.095600  R   9
230419 1924    28.124600  R   2
230419 1926    28.124600  T
230419 1928    28.124600  R   1
230419 1930    28.124600  R   3
230419 1932    28.124600  R   1
230419 1934    28.124600  R   0
230419 1936    28.124600  R   2
230419 1938    28.124600  R   7
230419 1940    28.124600  R   1
230419 1942    28.124600  R   1
230419 1944    28.124600  R   0
230419 1950    28.124600  R   3
230419 1952    28.124600  T
230419 1954    28.124600  R   4
230419 2100    28.124600  T
230419 2102    28.124600  R   2
230419 2104    28.124600  R   6
230419 2106    28.124600  R   4
230419 2108    28.124600  R   3
230419 2110     0.000000  R   0
230425 1952    28.124600  R   0
230425 1954    28.124600  T
230426 1950    14.095600  T
230426 1952    14.095600  R  15
230426 1954    14.095600  R  21
230426 1956    14.095600  T
230426 1958    14.095600  R  11
230426 2000    14.095600  R  17
230426 2002    14.095600  R  18
230426 2004    14.095600  R  20
230426 2006    14.095600  R  18
230426 2014    14.095600  T
230426 2016    14.095600  R  12
230501 1546    28.124600  R   0
230501 1548    28.124600  R   0
230501 1550    28.124600  R   0
230501 1552    28.124600  R   0
230501 1554    28.124600  R   0
230501 1556    28.124600  R   0
230501 1558    28.124600  R   0
230501 1600    28.124600  R   0
230501 1602    28.124600  R   0
230501 1804    28.124600  R   0
230501 2046    28.124600  T
230501 2048    28.124600  T
230501 2050    28.124600  R   0
230501 2052    28.124600  R   0
230501 2054    28.124600  R   0
230501 2056    28.124600  R   0
230501 2058    28.124600  R   0
230501 2100    28.124600  R   0
230501 2102    28.124600  R   0
230501 2104    28.124600  R   0
230502 2030    14.095600  R   4
230502 2032    14.095600  R   3
230502 2034    14.095600  R   1
230502 2036    14.095600  T
230502 2038    14.095600  R   0
230502 2040    14.095600  R   0
230502 2042    14.095600  T
230502 2044    14.095600  R   1
230502 2046    14.095600  R   3
230502 2048    14.095600  R   2
230502 2050    14.095600  R   6
230502 2052    14.095600  R   1
230502 2104    14.095600  R   1
230503 1528    14.095600  T
230503 1530    14.095600  R   7
230503 1532    14.095600  R   6
230503 1534    14.095600  R   3
230503 1536    14.095600  R   4
230503 1538    14.095600  R   3
230503 1540    14.095600  R   1
230503 1542    14.095600  R   3
230503 1544    14.095600  R   1
230503 2156    28.124600  R   3
230503 2158    28.124600  R   5
230503 2200    28.124600  R   3
230503 2202    28.124600  R   4
230503 2204    28.124600  R   1
230503 2206    28.124600  R   3
230504 1602    14.095600  T
230504 1604    14.095600  R   1
230504 1606    14.095600  R   4
230504 1608    14.095600  R   3
230504 1610    14.095600  R   6
230504 1612    14.095600  R   6
230504 1614    14.095600  R   4
230504 1616    14.095600  R   7
230504 1618    14.095600  R   2
230504 1620    14.095600  R   6
230504 1622    14.095600  R   5
230504 1624    14.095600  R   3
230504 1626    14.095600  R   7
230504 1632     0.000000  R   0
230508 0812    14.095600  T
230508 0814    14.095600  R   1
230508 0816    14.095600  T
230508 0818    14.095600  R   0
230508 0820    14.095600  R   0
230508 0822    14.095600  R   0
230508 0824    14.095600  R   0
230508 0826    14.095600  R   1
230508 0828    14.095600  R   0
230508 0830    14.095600  R   2
230508 0832    14.095600  R   0
230518 1944    21.094600  T
230518 1946    21.094600  R   2
230519 0212    28.124600  R   0
230519 0214    28.124600  T
230519 0216    28.124600  R   0
230519 0218    28.124600  R   0
230519 0220    28.124600  R   0
230519 0222    28.124600  R   0
230519 0224    28.124600  R   0
230519 0226    28.124600  R   0
230519 0228    28.124600  R   0
230519 0230    28.124600  R   0
230526 1620    14.095600  R   6
230526 1622    14.095600  R   2
230526 1624    14.095600  R   2
230526 1626    14.095600  R   2
230526 1628    14.095600  R   3
230526 1630    14.095600  R   4
230526 1632    14.095600  R   3
230526 1634    14.095600  R   2
230526 1636    14.095600  R   1
230602 1648    14.095600  T
230602 1650    14.095600  R   1
230602 1652    14.095600  R   1
230602 1654    14.095600  T
230602 1656    14.095600  R   0
230602 1658    14.095600  R   2
230602 1700    14.095600  R   3
230602 1702    14.095600  T
230602 1704    14.095600  R   1
230602 1706    14.095600  R   3
